0 0.750000 830 196 845 207
0 0.750000 642 201 654 211
0 0.750000 732 202 765 219
0 0.750000 679 206 735 227
0 0.750000 784 212 813 240
0 0.750000 818 205 838 223
0 0.750000 759 223 795 258
0 0.750000 205 238 247 265
0 0.750000 833 237 853 262
0 0.750000 263 248 342 287
0 0.750000 487 247 584 303
0 0.750000 732 246 785 299
0 0.750000 231 260 321 307
0 0.750000 634 273 740 360
2 0.750000 603 217 614 238
2 0.750000 438 237 447 262
2 0.750000 394 240 401 264
2 0.750000 397 238 406 264
2 0.750000 412 240 422 265
2 0.750000 194 287 209 337
2 0.750000 206 284 223 343
2 0.750000 222 283 243 342
