0 0.750000 809 195 831 206
0 0.750000 650 202 668 212
0 0.750000 732 202 765 219
0 0.750000 679 205 736 228
0 0.750000 769 216 802 247
0 0.750000 807 207 831 229
0 0.750000 834 218 854 249
0 0.750000 339 246 420 280
0 0.750000 747 234 788 274
0 0.750000 832 234 853 263
0 0.750000 258 250 341 292
0 0.750000 212 263 296 306
0 0.750000 546 257 621 322
0 0.750000 697 270 778 348
0 0.750000 442 327 645 461
2 0.750000 438 235 447 259
2 0.750000 415 241 424 259
2 0.750000 461 232 471 261
2 0.750000 207 289 224 345
2 0.750000 193 288 207 337
2 0.750000 219 286 241 343
