0 0.750000 650 202 667 212
0 0.750000 729 201 765 220
0 0.750000 679 205 735 228
0 0.750000 771 216 804 246
0 0.750000 808 206 831 228
0 0.750000 351 238 394 254
0 0.750000 750 232 790 272
0 0.750000 832 234 852 262
0 0.750000 252 249 342 290
0 0.750000 330 246 396 279
0 0.750000 215 264 297 307
0 0.750000 537 253 619 315
0 0.750000 707 262 778 337
0 0.750000 497 314 674 438
2 0.750000 417 239 425 260
2 0.750000 437 235 446 259
2 0.750000 403 239 416 263
2 0.750000 208 289 224 344
2 0.750000 195 289 208 337
2 0.750000 220 285 240 343
