0 0.750000 817 195 830 204
0 0.750000 734 202 765 219
0 0.750000 679 206 736 228
0 0.750000 786 210 819 236
0 0.750000 819 206 840 222
0 0.750000 760 220 799 257
0 0.750000 210 240 245 264
0 0.750000 247 239 279 251
0 0.750000 832 233 853 262
0 0.750000 224 248 263 274
0 0.750000 243 257 330 300
0 0.750000 480 246 581 300
0 0.750000 734 245 785 293
0 0.750000 649 273 744 354
2 0.750000 604 217 615 236
2 0.750000 399 238 408 266
2 0.750000 411 238 422 266
2 0.750000 439 236 450 262
2 0.750000 461 235 469 262
2 0.750000 379 240 390 264
2 0.750000 196 288 209 337
2 0.750000 207 284 224 343
2 0.750000 221 281 243 342
