0 0.750000 730 199 766 219
0 0.750000 814 195 832 207
0 0.750000 836 199 854 217
0 0.750000 679 205 736 227
0 0.750000 766 215 800 252
0 0.750000 803 207 826 232
0 0.750000 835 218 855 249
0 0.750000 370 246 460 284
0 0.750000 744 238 787 281
0 0.750000 832 232 852 262
0 0.750000 259 250 341 292
0 0.750000 213 264 293 307
0 0.750000 556 263 623 332
0 0.750000 676 284 773 374
0 0.750000 344 355 576 478
2 0.750000 592 217 602 240
2 0.750000 602 217 610 240
2 0.750000 207 290 223 344
2 0.750000 197 289 210 337
2 0.750000 219 285 241 343
