0 0.750000 734 202 765 220
0 0.750000 680 205 735 227
0 0.750000 781 212 810 240
0 0.750000 817 204 839 225
0 0.750000 205 237 262 264
0 0.750000 757 227 794 263
0 0.750000 833 235 853 262
0 0.750000 250 249 340 292
0 0.750000 508 248 600 308
0 0.750000 220 265 304 307
0 0.750000 725 252 782 308
0 0.750000 604 283 724 378
2 0.750000 602 217 613 238
2 0.750000 389 237 399 265
2 0.750000 437 232 449 262
2 0.750000 559 224 572 247
2 0.750000 375 244 385 266
2 0.750000 409 240 418 265
2 0.750000 463 235 472 263
2 0.750000 208 280 224 343
2 0.750000 193 287 208 337
2 0.750000 221 283 242 343
