0 0.750000 806 197 816 203
0 0.750000 730 201 765 220
0 0.750000 679 205 736 228
0 0.750000 772 216 804 247
0 0.750000 808 206 831 228
0 0.750000 352 239 394 254
0 0.750000 750 233 790 274
0 0.750000 832 235 853 263
0 0.750000 252 250 341 292
0 0.750000 333 247 400 281
0 0.750000 216 264 297 306
0 0.750000 539 253 619 315
0 0.750000 706 264 779 338
0 0.750000 489 311 671 441
2 0.750000 417 239 425 260
2 0.750000 438 236 447 260
2 0.750000 403 239 415 263
2 0.750000 461 233 470 262
2 0.750000 194 289 207 337
2 0.750000 207 290 223 344
2 0.750000 219 285 240 341
