0 0.750000 732 202 766 219
0 0.750000 679 205 734 227
0 0.750000 793 208 819 234
0 0.750000 766 217 802 251
0 0.750000 740 240 785 285
0 0.750000 833 236 853 262
0 0.750000 206 248 244 275
0 0.750000 244 249 274 275
0 0.750000 459 245 565 297
0 0.750000 249 262 340 309
0 0.750000 672 261 754 337
2 0.750000 604 217 614 238
2 0.750000 617 217 625 238
2 0.750000 412 240 423 266
2 0.750000 439 234 450 262
2 0.750000 386 241 395 266
2 0.750000 404 241 412 265
2 0.750000 196 287 209 336
2 0.750000 206 285 223 344
2 0.750000 222 283 241 342
