0 0.750000 734 202 765 220
0 0.750000 680 205 735 227
0 0.750000 781 212 811 241
0 0.750000 817 203 839 225
0 0.750000 288 233 319 251
0 0.750000 757 227 794 261
0 0.750000 205 240 263 267
0 0.750000 833 234 853 262
0 0.750000 256 248 341 290
0 0.750000 505 248 598 307
0 0.750000 224 265 306 307
0 0.750000 725 252 782 308
0 0.750000 607 283 726 377
2 0.750000 603 217 613 238
2 0.750000 437 231 450 262
2 0.750000 463 234 472 262
2 0.750000 375 244 384 266
2 0.750000 389 237 400 266
2 0.750000 410 239 419 265
2 0.750000 207 282 224 344
2 0.750000 193 287 208 337
2 0.750000 220 285 241 344
