0 0.750000 729 200 765 219
0 0.750000 803 197 815 206
0 0.750000 678 205 735 228
0 0.750000 773 215 805 245
0 0.750000 809 206 834 227
0 0.750000 343 239 382 252
0 0.750000 750 232 790 273
0 0.750000 832 234 853 262
0 0.750000 254 250 340 290
0 0.750000 321 247 389 281
0 0.750000 215 264 297 307
0 0.750000 536 255 615 314
0 0.750000 710 260 781 331
0 0.750000 514 309 683 427
2 0.750000 438 235 447 260
2 0.750000 460 234 469 262
2 0.750000 404 239 418 262
2 0.750000 413 240 423 261
2 0.750000 195 288 208 337
2 0.750000 208 290 224 343
2 0.750000 220 286 242 342
