0 0.750000 649 202 666 212
0 0.750000 729 200 765 220
0 0.750000 679 205 734 227
0 0.750000 777 214 809 240
0 0.750000 816 205 839 225
0 0.750000 756 227 794 264
0 0.750000 832 234 853 262
0 0.750000 234 252 341 292
0 0.750000 260 247 342 289
0 0.750000 219 265 301 310
0 0.750000 514 249 604 309
0 0.750000 723 252 783 313
0 0.750000 591 289 719 390
2 0.750000 436 233 447 262
2 0.750000 409 240 418 261
2 0.750000 561 225 572 249
2 0.750000 208 282 223 341
2 0.750000 203 289 214 335
2 0.750000 220 285 241 344
2 0.750000 194 287 209 337
