0 0.750000 815 196 831 207
0 0.750000 649 202 668 212
0 0.750000 729 201 765 220
0 0.750000 802 195 822 205
0 0.750000 679 205 735 227
0 0.750000 762 217 798 254
0 0.750000 802 208 826 231
0 0.750000 833 210 855 247
0 0.750000 832 234 853 262
0 0.750000 253 250 342 292
0 0.750000 397 247 492 285
0 0.750000 742 241 787 286
0 0.750000 208 264 288 307
0 0.750000 553 267 625 338
0 0.750000 655 292 767 391
0 0.750000 1 375 181 476
0 0.750000 240 380 505 478
2 0.750000 590 217 600 243
2 0.750000 600 216 609 240
2 0.750000 562 222 572 247
2 0.750000 205 289 221 343
2 0.750000 220 285 242 343
