0 0.750000 831 194 852 211
0 0.750000 734 202 765 219
0 0.750000 679 205 736 227
0 0.750000 784 211 816 235
0 0.750000 764 221 800 255
0 0.750000 208 240 242 261
0 0.750000 832 234 853 262
0 0.750000 212 247 268 277
0 0.750000 246 260 331 303
0 0.750000 472 244 574 299
0 0.750000 734 243 785 290
0 0.750000 657 265 747 347
2 0.750000 604 217 614 238
2 0.750000 440 236 449 263
2 0.750000 463 233 471 260
2 0.750000 382 246 390 265
2 0.750000 403 240 411 263
2 0.750000 413 238 424 264
2 0.750000 195 288 209 337
2 0.750000 207 285 224 343
2 0.750000 221 284 240 342
