0 0.750000 649 202 667 212
0 0.750000 729 200 765 220
0 0.750000 836 199 853 217
0 0.750000 679 205 737 227
0 0.750000 765 214 800 252
0 0.750000 803 207 826 232
0 0.750000 372 239 466 285
0 0.750000 744 239 787 281
0 0.750000 832 232 853 262
0 0.750000 256 250 342 292
0 0.750000 212 263 292 305
0 0.750000 554 263 622 334
0 0.750000 673 284 772 373
0 0.750000 336 357 571 477
2 0.750000 593 217 603 240
2 0.750000 601 217 609 241
2 0.750000 207 289 222 344
2 0.750000 219 285 240 343
2 0.750000 197 290 208 337
2 0.750000 72 294 90 333
