0 0.750000 731 201 765 220
0 0.750000 679 205 735 227
0 0.750000 781 213 809 240
0 0.750000 815 206 839 225
0 0.750000 756 226 795 263
0 0.750000 206 240 267 265
0 0.750000 832 234 853 262
0 0.750000 243 250 340 293
0 0.750000 220 265 302 308
0 0.750000 514 248 602 308
0 0.750000 724 251 781 310
0 0.750000 593 289 720 388
2 0.750000 603 218 612 238
2 0.750000 437 233 448 262
2 0.750000 374 243 383 264
2 0.750000 410 240 418 263
2 0.750000 560 225 571 248
2 0.750000 208 281 224 343
2 0.750000 195 287 209 337
2 0.750000 220 285 241 343
2 0.750000 463 235 472 263
