0 0.750000 649 202 666 212
0 0.750000 730 201 765 220
0 0.750000 679 205 734 227
0 0.750000 778 213 807 240
0 0.750000 815 205 839 227
0 0.750000 756 227 795 264
0 0.750000 206 239 265 265
0 0.750000 832 234 853 262
0 0.750000 255 248 342 289
0 0.750000 217 265 299 309
0 0.750000 514 249 605 310
0 0.750000 722 253 782 315
0 0.750000 588 292 717 391
2 0.750000 603 217 612 238
2 0.750000 608 217 615 236
2 0.750000 436 233 447 262
2 0.750000 208 279 224 344
2 0.750000 219 284 240 342
2 0.750000 463 235 472 263
2 0.750000 194 285 209 337
