0 0.750000 806 195 818 203
0 0.750000 733 202 765 219
0 0.750000 678 205 734 228
0 0.750000 781 211 809 240
0 0.750000 816 203 839 225
0 0.750000 757 227 795 264
0 0.750000 205 240 263 266
0 0.750000 833 234 853 262
0 0.750000 247 247 340 291
0 0.750000 509 248 601 308
0 0.750000 222 265 304 307
0 0.750000 726 252 783 310
0 0.750000 600 285 725 381
2 0.750000 603 217 614 238
2 0.750000 389 237 400 265
2 0.750000 437 232 449 262
2 0.750000 559 224 571 248
2 0.750000 374 245 383 266
2 0.750000 408 240 418 265
2 0.750000 207 280 224 344
2 0.750000 193 287 208 337
2 0.750000 221 284 241 344
2 0.750000 463 234 472 263
