0 0.750000 733 202 765 219
0 0.750000 679 206 735 227
0 0.750000 787 208 819 236
0 0.750000 765 217 802 254
0 0.750000 739 240 785 286
0 0.750000 833 236 853 262
0 0.750000 207 247 246 275
0 0.750000 241 248 270 274
0 0.750000 249 248 328 278
0 0.750000 460 245 565 298
0 0.750000 247 263 339 308
0 0.750000 670 262 754 338
2 0.750000 618 217 626 234
2 0.750000 439 236 449 262
2 0.750000 604 218 613 239
2 0.750000 403 242 412 266
2 0.750000 413 240 424 267
2 0.750000 385 245 394 264
2 0.750000 194 287 208 337
2 0.750000 207 285 224 343
2 0.750000 222 284 241 342
2 0.750000 0 319 16 373
