0 0.750000 813 195 831 206
0 0.750000 649 202 667 212
0 0.750000 730 200 766 219
0 0.750000 679 206 737 228
0 0.750000 765 215 800 252
0 0.750000 803 207 827 231
0 0.750000 836 217 854 241
0 0.750000 743 239 786 282
0 0.750000 832 234 853 263
0 0.750000 258 250 341 292
0 0.750000 375 243 469 285
0 0.750000 211 263 292 305
0 0.750000 556 262 624 334
0 0.750000 671 285 772 375
0 0.750000 340 360 567 478
0 0.750000 0 403 111 478
2 0.750000 592 217 603 240
2 0.750000 601 216 611 241
2 0.750000 561 222 572 247
2 0.750000 205 290 219 342
2 0.750000 219 285 240 343
