0 0.750000 733 202 766 218
0 0.750000 679 205 734 227
0 0.750000 781 211 811 241
0 0.750000 819 206 839 224
0 0.750000 206 238 261 266
0 0.750000 275 236 310 250
0 0.750000 759 225 795 260
0 0.750000 833 233 853 263
0 0.750000 259 247 342 289
0 0.750000 495 246 592 306
0 0.750000 730 248 785 302
0 0.750000 227 266 310 308
0 0.750000 622 277 733 369
2 0.750000 604 217 614 238
2 0.750000 436 233 448 262
2 0.750000 463 234 472 262
2 0.750000 559 224 572 247
2 0.750000 401 241 406 264
2 0.750000 411 240 421 266
2 0.750000 390 240 402 267
2 0.750000 193 286 209 337
2 0.750000 207 282 224 343
2 0.750000 221 282 242 342
