0 0.750000 729 200 765 219
0 0.750000 804 197 816 206
0 0.750000 679 205 735 227
0 0.750000 777 213 810 240
0 0.750000 815 206 837 226
0 0.750000 206 239 264 265
0 0.750000 753 228 794 266
0 0.750000 832 234 853 262
0 0.750000 259 249 341 291
0 0.750000 217 265 299 308
0 0.750000 520 250 608 312
0 0.750000 720 254 782 317
0 0.750000 574 293 711 399
2 0.750000 438 234 449 260
2 0.750000 410 240 418 263
2 0.750000 208 281 224 343
2 0.750000 220 284 241 343
2 0.750000 461 236 469 264
2 0.750000 195 287 209 337
