0 0.750000 815 196 832 206
0 0.750000 642 201 658 213
0 0.750000 650 202 667 212
0 0.750000 731 202 765 220
0 0.750000 679 205 736 228
0 0.750000 768 214 802 249
0 0.750000 804 207 827 231
0 0.750000 835 211 854 250
0 0.750000 745 239 787 278
0 0.750000 832 227 852 262
0 0.750000 256 250 342 292
0 0.750000 362 247 452 284
0 0.750000 212 263 292 305
0 0.750000 554 262 621 330
0 0.750000 681 280 773 367
0 0.750000 361 345 592 477
0 0.750000 0 416 49 478
2 0.750000 602 217 609 239
2 0.750000 207 291 223 344
2 0.750000 194 291 206 337
2 0.750000 220 285 241 343
