0 0.750000 734 202 765 220
0 0.750000 679 205 735 227
0 0.750000 784 210 816 236
0 0.750000 818 204 839 223
0 0.750000 759 223 798 258
0 0.750000 206 240 246 266
0 0.750000 832 233 853 262
0 0.750000 234 258 329 301
0 0.750000 483 245 582 300
0 0.750000 734 245 784 294
0 0.750000 646 272 744 354
2 0.750000 604 217 615 237
2 0.750000 439 236 449 262
2 0.750000 463 234 471 260
2 0.750000 398 238 406 264
2 0.750000 412 240 422 266
2 0.750000 460 236 467 262
2 0.750000 196 286 210 336
2 0.750000 207 282 224 343
2 0.750000 222 283 243 342
