0 0.750000 828 195 850 207
0 0.750000 642 201 655 212
0 0.750000 734 202 766 220
0 0.750000 679 206 736 228
0 0.750000 781 209 818 235
0 0.750000 765 218 801 255
0 0.750000 833 235 853 262
0 0.750000 206 247 256 275
0 0.750000 246 258 337 302
0 0.750000 469 246 569 299
0 0.750000 736 242 785 289
0 0.750000 661 262 749 343
2 0.750000 604 217 613 238
2 0.750000 403 240 411 266
2 0.750000 440 237 449 262
2 0.750000 458 234 465 258
2 0.750000 383 245 391 265
2 0.750000 413 240 423 266
2 0.750000 195 287 208 337
2 0.750000 206 285 223 343
2 0.750000 222 284 240 343
