0 0.750000 649 202 667 212
0 0.750000 731 201 765 219
0 0.750000 804 197 816 205
0 0.750000 679 205 735 228
0 0.750000 777 212 809 240
0 0.750000 816 203 838 226
0 0.750000 756 227 795 264
0 0.750000 206 240 265 265
0 0.750000 832 234 853 262
0 0.750000 263 249 342 291
0 0.750000 216 265 300 310
0 0.750000 516 249 605 311
0 0.750000 723 252 782 315
0 0.750000 583 289 716 392
2 0.750000 436 233 447 262
2 0.750000 409 240 418 264
2 0.750000 208 281 224 343
2 0.750000 220 284 241 342
2 0.750000 194 286 209 337
