0 0.750000 642 201 652 211
0 0.750000 734 202 766 219
0 0.750000 679 205 734 227
0 0.750000 794 210 820 236
0 0.750000 770 217 803 250
0 0.750000 740 238 785 283
0 0.750000 833 235 853 262
0 0.750000 206 247 247 274
0 0.750000 244 249 294 279
0 0.750000 451 245 551 295
0 0.750000 256 263 346 311
0 0.750000 682 259 757 330
2 0.750000 607 218 614 238
2 0.750000 438 236 449 260
2 0.750000 389 247 398 266
2 0.750000 405 244 413 265
2 0.750000 413 240 423 265
2 0.750000 195 287 208 337
2 0.750000 208 287 224 342
2 0.750000 221 283 240 343
