0 0.750000 815 196 831 206
0 0.750000 642 201 658 213
0 0.750000 650 202 667 212
0 0.750000 731 202 765 220
0 0.750000 679 205 735 227
0 0.750000 767 213 802 248
0 0.750000 805 208 828 230
0 0.750000 835 215 855 250
0 0.750000 360 244 449 283
0 0.750000 745 238 786 278
0 0.750000 831 225 853 264
0 0.750000 258 250 342 292
0 0.750000 213 264 294 305
0 0.750000 555 262 621 330
0 0.750000 683 277 774 365
0 0.750000 367 340 600 478
2 0.750000 593 217 602 239
2 0.750000 602 217 611 240
2 0.750000 207 290 224 344
2 0.750000 194 288 207 337
2 0.750000 219 285 240 342
