0 0.750000 815 197 831 206
0 0.750000 649 202 666 212
0 0.750000 729 201 765 219
0 0.750000 679 205 735 228
0 0.750000 765 215 802 250
0 0.750000 803 208 828 231
0 0.750000 832 234 853 263
0 0.750000 256 249 341 291
0 0.750000 382 247 475 285
0 0.750000 743 239 786 285
0 0.750000 212 262 290 305
0 0.750000 554 265 624 334
0 0.750000 666 287 770 381
0 0.750000 0 395 133 478
0 0.750000 328 371 556 478
2 0.750000 592 217 601 240
2 0.750000 563 224 571 247
2 0.750000 205 289 220 343
2 0.750000 219 285 241 344
