0 0.750000 802 197 815 204
0 0.750000 820 194 838 209
0 0.750000 650 202 668 212
0 0.750000 729 200 765 219
0 0.750000 679 205 735 228
0 0.750000 772 216 805 247
0 0.750000 808 205 831 227
0 0.750000 210 239 261 263
0 0.750000 750 232 790 272
0 0.750000 832 234 853 262
0 0.750000 253 250 341 291
0 0.750000 327 246 395 281
0 0.750000 215 264 298 307
0 0.750000 538 255 619 313
0 0.750000 709 263 781 335
0 0.750000 502 308 678 435
2 0.750000 403 239 418 263
2 0.750000 416 240 424 262
2 0.750000 437 234 447 259
2 0.750000 208 290 223 343
2 0.750000 220 286 241 342
2 0.750000 195 289 209 337
