0 0.750000 642 202 654 212
0 0.750000 734 202 766 220
0 0.750000 679 205 735 227
0 0.750000 795 209 821 235
0 0.750000 769 217 802 249
0 0.750000 205 247 246 275
0 0.750000 740 238 784 283
0 0.750000 833 236 853 262
0 0.750000 245 250 292 280
0 0.750000 451 246 552 296
0 0.750000 255 262 345 312
0 0.750000 681 261 757 331
2 0.750000 606 218 614 238
2 0.750000 439 235 451 262
2 0.750000 404 242 413 265
2 0.750000 413 240 424 267
2 0.750000 195 287 207 337
2 0.750000 207 288 223 343
2 0.750000 221 283 240 342
