0 0.750000 734 202 766 220
0 0.750000 679 205 736 227
0 0.750000 794 210 820 236
0 0.750000 770 217 803 249
0 0.750000 740 237 785 283
0 0.750000 833 236 853 262
0 0.750000 206 247 247 274
0 0.750000 244 249 294 279
0 0.750000 450 245 552 296
0 0.750000 256 263 346 311
0 0.750000 682 260 757 330
2 0.750000 606 218 614 238
2 0.750000 413 240 423 265
2 0.750000 438 235 449 260
2 0.750000 389 247 398 267
2 0.750000 405 244 413 266
2 0.750000 195 287 208 337
2 0.750000 208 287 224 342
2 0.750000 221 283 240 343
