0 0.750000 730 201 765 220
0 0.750000 679 205 735 228
0 0.750000 768 215 803 247
0 0.750000 808 205 831 228
0 0.750000 357 239 399 251
0 0.750000 749 233 790 273
0 0.750000 832 234 853 262
0 0.750000 251 250 340 291
0 0.750000 337 247 405 281
0 0.750000 214 264 297 307
0 0.750000 541 255 618 317
0 0.750000 702 264 779 340
0 0.750000 475 315 664 445
2 0.750000 417 239 424 259
2 0.750000 439 234 446 258
2 0.750000 404 239 414 262
2 0.750000 461 234 470 262
2 0.750000 207 289 223 345
2 0.750000 194 290 207 337
2 0.750000 219 285 240 342
