0 0.750000 812 195 827 204
0 0.750000 732 202 765 219
0 0.750000 802 197 816 206
0 0.750000 679 205 735 227
0 0.750000 781 211 813 241
0 0.750000 819 205 839 223
0 0.750000 272 235 310 251
0 0.750000 759 224 796 259
0 0.750000 833 235 853 262
0 0.750000 248 248 343 291
0 0.750000 495 247 591 304
0 0.750000 730 247 786 301
0 0.750000 227 266 312 307
0 0.750000 628 277 736 367
2 0.750000 604 217 614 236
2 0.750000 438 232 449 262
2 0.750000 392 240 401 265
2 0.750000 395 240 404 263
2 0.750000 411 240 421 266
2 0.750000 208 282 225 341
2 0.750000 194 287 209 337
2 0.750000 221 282 242 344
