0 0.750000 734 202 766 219
0 0.750000 679 205 735 227
0 0.750000 794 210 819 236
0 0.750000 769 216 803 250
0 0.750000 740 238 785 284
0 0.750000 833 237 853 262
0 0.750000 205 247 246 275
0 0.750000 251 248 322 276
0 0.750000 454 245 555 295
0 0.750000 252 262 342 311
0 0.750000 677 261 755 332
2 0.750000 413 240 423 266
2 0.750000 439 236 450 262
2 0.750000 605 218 614 238
2 0.750000 386 244 397 267
2 0.750000 404 239 414 265
2 0.750000 195 287 208 337
2 0.750000 207 286 224 343
2 0.750000 222 284 241 343
