0 0.750000 649 202 666 212
0 0.750000 730 201 766 220
0 0.750000 679 205 735 227
0 0.750000 766 208 802 240
0 0.750000 802 208 827 232
0 0.750000 764 217 801 253
0 0.750000 743 240 787 285
0 0.750000 832 235 852 262
0 0.750000 252 249 341 292
0 0.750000 388 247 480 285
0 0.750000 212 262 288 305
0 0.750000 555 267 624 335
0 0.750000 663 288 769 382
0 0.750000 277 373 537 477
0 0.750000 0 388 154 476
2 0.750000 591 217 600 240
2 0.750000 356 243 367 266
2 0.750000 205 287 220 343
2 0.750000 219 285 241 344
