0 0.750000 832 195 852 212
0 0.750000 729 199 765 220
0 0.750000 678 205 735 227
0 0.750000 775 213 806 244
0 0.750000 813 205 837 227
0 0.750000 208 240 263 265
0 0.750000 752 230 790 268
0 0.750000 832 235 853 262
0 0.750000 257 250 338 291
0 0.750000 314 246 372 280
0 0.750000 216 265 299 307
0 0.750000 528 250 612 314
0 0.750000 715 257 781 323
0 0.750000 544 300 698 412
2 0.750000 438 235 449 260
2 0.750000 379 240 390 265
2 0.750000 406 240 417 264
2 0.750000 462 234 472 262
2 0.750000 208 290 224 344
2 0.750000 195 289 208 337
2 0.750000 219 285 241 343
