0 0.750000 642 201 654 212
0 0.750000 650 202 667 211
0 0.750000 727 199 765 220
0 0.750000 679 205 735 227
0 0.750000 777 212 810 242
0 0.750000 813 206 837 226
0 0.750000 206 237 263 265
0 0.750000 315 244 362 279
0 0.750000 357 245 374 262
0 0.750000 752 228 792 265
0 0.750000 833 234 853 262
0 0.750000 259 249 341 291
0 0.750000 217 264 299 308
0 0.750000 524 249 611 313
0 0.750000 719 254 783 320
0 0.750000 562 294 706 404
2 0.750000 438 234 448 260
2 0.750000 409 240 418 263
2 0.750000 208 282 223 342
2 0.750000 461 235 470 263
2 0.750000 220 284 241 342
2 0.750000 197 289 209 337
