0 0.750000 641 201 657 211
0 0.750000 650 202 667 212
0 0.750000 727 200 766 220
0 0.750000 802 197 814 205
0 0.750000 679 205 736 228
0 0.750000 769 216 803 247
0 0.750000 808 206 831 228
0 0.750000 365 238 409 253
0 0.750000 748 233 789 276
0 0.750000 832 235 853 262
0 0.750000 257 249 341 291
0 0.750000 337 247 411 282
0 0.750000 212 264 296 307
0 0.750000 543 255 619 320
0 0.750000 700 267 779 344
0 0.750000 462 318 654 452
2 0.750000 438 235 446 258
2 0.750000 411 240 419 259
2 0.750000 207 288 223 344
2 0.750000 194 288 208 337
2 0.750000 219 285 240 343
