0 0.750000 730 201 765 220
0 0.750000 678 205 735 227
0 0.750000 774 213 807 244
0 0.750000 813 205 835 226
0 0.750000 337 239 366 249
0 0.750000 207 240 263 264
0 0.750000 752 230 791 270
0 0.750000 832 235 853 263
0 0.750000 257 250 338 290
0 0.750000 314 247 374 280
0 0.750000 214 265 299 307
0 0.750000 529 252 612 316
0 0.750000 713 259 781 325
0 0.750000 542 301 693 412
2 0.750000 438 235 448 260
2 0.750000 462 234 471 262
2 0.750000 379 239 390 267
2 0.750000 406 240 417 262
2 0.750000 208 290 224 343
2 0.750000 195 289 208 337
2 0.750000 220 285 241 343
