0 0.750000 650 202 668 212
0 0.750000 731 201 765 220
0 0.750000 679 205 735 227
0 0.750000 774 214 806 243
0 0.750000 812 204 834 226
0 0.750000 335 238 373 252
0 0.750000 207 240 263 264
0 0.750000 750 232 790 274
0 0.750000 832 235 853 263
0 0.750000 254 250 337 291
0 0.750000 316 247 380 281
0 0.750000 214 264 299 307
0 0.750000 530 250 615 317
0 0.750000 711 259 781 328
0 0.750000 531 306 691 421
2 0.750000 438 234 448 259
2 0.750000 381 239 390 267
2 0.750000 406 240 419 262
2 0.750000 460 234 469 262
2 0.750000 208 290 224 343
2 0.750000 196 289 209 337
2 0.750000 221 286 242 342
