0 0.750000 734 202 766 220
0 0.750000 802 197 815 206
0 0.750000 680 205 735 227
0 0.750000 781 212 811 242
0 0.750000 816 202 839 224
0 0.750000 283 232 320 250
0 0.750000 758 227 794 261
0 0.750000 833 234 853 262
0 0.750000 262 251 342 291
0 0.750000 502 247 597 307
0 0.750000 224 265 306 307
0 0.750000 726 248 783 307
0 0.750000 612 277 729 376
2 0.750000 604 217 614 239
2 0.750000 392 237 402 265
2 0.750000 437 232 449 262
2 0.750000 462 234 471 262
2 0.750000 375 244 386 265
2 0.750000 410 240 420 266
2 0.750000 558 224 570 247
2 0.750000 208 280 226 343
2 0.750000 193 286 208 337
2 0.750000 221 283 242 342
