0 0.750000 813 196 831 206
0 0.750000 649 202 667 212
0 0.750000 729 201 765 220
0 0.750000 679 205 735 227
0 0.750000 765 217 800 250
0 0.750000 803 207 827 230
0 0.750000 743 238 787 284
0 0.750000 832 234 852 262
0 0.750000 257 250 341 292
0 0.750000 378 243 472 285
0 0.750000 213 263 292 305
0 0.750000 554 265 625 334
0 0.750000 669 285 771 377
0 0.750000 328 366 562 478
2 0.750000 591 217 600 240
2 0.750000 602 217 610 240
2 0.750000 563 222 572 247
2 0.750000 207 289 223 344
2 0.750000 220 285 241 343
2 0.750000 200 290 213 337
