0 0.750000 267 121 428 169
0 0.750000 811 195 832 206
0 0.750000 650 202 667 212
0 0.750000 732 202 765 219
0 0.750000 679 205 737 228
0 0.750000 768 216 803 248
0 0.750000 808 207 831 228
0 0.750000 745 236 788 275
0 0.750000 832 234 853 263
0 0.750000 257 249 341 292
0 0.750000 344 245 433 284
0 0.750000 212 263 293 307
0 0.750000 550 258 623 326
0 0.750000 692 275 778 354
0 0.750000 409 336 625 474
2 0.750000 601 218 610 240
2 0.750000 207 289 224 345
2 0.750000 195 289 208 337
2 0.750000 219 285 242 342
