0 0.750000 650 202 667 212
0 0.750000 732 201 765 219
0 0.750000 679 205 735 227
0 0.750000 769 216 804 247
0 0.750000 806 206 831 229
0 0.750000 369 238 415 254
0 0.750000 747 234 789 274
0 0.750000 832 234 854 262
0 0.750000 257 250 341 291
0 0.750000 338 247 417 283
0 0.750000 212 264 296 307
0 0.750000 546 257 622 322
0 0.750000 699 268 779 346
0 0.750000 447 323 649 458
2 0.750000 416 240 423 261
2 0.750000 437 236 446 260
2 0.750000 461 232 471 261
2 0.750000 207 289 224 344
2 0.750000 194 288 208 337
2 0.750000 219 285 241 343
