0 0.750000 642 199 652 211
0 0.750000 734 202 765 220
0 0.750000 679 205 736 227
0 0.750000 786 210 820 235
0 0.750000 765 220 802 255
0 0.750000 832 234 853 262
0 0.750000 213 247 271 276
0 0.750000 242 247 337 284
0 0.750000 470 244 573 297
0 0.750000 736 243 784 290
0 0.750000 241 265 329 310
0 0.750000 658 264 748 345
2 0.750000 604 217 614 238
2 0.750000 412 238 423 264
2 0.750000 440 235 450 262
2 0.750000 383 247 390 266
2 0.750000 403 241 411 264
2 0.750000 194 287 208 337
2 0.750000 206 285 223 343
2 0.750000 222 284 240 343
