0 0.750000 803 197 815 205
0 0.750000 650 202 667 212
0 0.750000 728 200 766 220
0 0.750000 679 205 735 227
0 0.750000 769 216 804 247
0 0.750000 809 205 831 228
0 0.750000 362 238 406 251
0 0.750000 749 233 789 275
0 0.750000 832 233 854 262
0 0.750000 255 249 340 291
0 0.750000 337 247 407 282
0 0.750000 213 264 297 307
0 0.750000 543 255 620 319
0 0.750000 702 265 779 343
0 0.750000 470 315 659 449
2 0.750000 439 234 447 259
2 0.750000 405 239 414 262
2 0.750000 417 240 424 260
2 0.750000 461 233 469 261
2 0.750000 207 289 224 345
2 0.750000 194 289 208 337
2 0.750000 220 285 241 342
