0 0.750000 732 201 765 219
0 0.750000 679 205 735 227
0 0.750000 793 210 819 236
0 0.750000 766 217 803 253
0 0.750000 740 240 786 285
0 0.750000 833 236 853 262
0 0.750000 249 248 326 277
0 0.750000 460 245 564 297
0 0.750000 248 263 339 308
0 0.750000 672 259 754 338
2 0.750000 604 217 613 239
2 0.750000 617 217 625 238
2 0.750000 439 234 450 262
2 0.750000 386 243 395 265
2 0.750000 404 241 413 265
2 0.750000 413 240 424 267
2 0.750000 195 287 208 337
2 0.750000 207 285 224 344
2 0.750000 222 283 241 342
