0 0.750000 733 202 765 220
0 0.750000 679 206 734 228
0 0.750000 781 211 812 241
0 0.750000 818 206 839 224
0 0.750000 759 225 795 261
0 0.750000 206 239 265 267
0 0.750000 832 234 852 262
0 0.750000 253 247 341 291
0 0.750000 498 247 594 306
0 0.750000 729 247 785 304
0 0.750000 226 266 310 307
0 0.750000 621 275 731 369
2 0.750000 604 217 615 239
2 0.750000 437 232 449 262
2 0.750000 375 243 386 265
2 0.750000 390 238 403 266
2 0.750000 400 240 406 263
2 0.750000 411 239 422 266
2 0.750000 464 235 472 261
2 0.750000 193 286 208 337
2 0.750000 207 281 226 342
2 0.750000 221 283 243 343
