0 0.750000 730 201 765 220
0 0.750000 679 205 735 227
0 0.750000 802 208 827 231
0 0.750000 837 208 854 238
0 0.750000 764 217 802 252
0 0.750000 743 240 787 285
0 0.750000 832 235 852 262
0 0.750000 252 249 340 291
0 0.750000 388 247 482 285
0 0.750000 212 262 291 304
0 0.750000 554 269 623 337
0 0.750000 663 288 769 383
0 0.750000 279 373 539 478
0 0.750000 0 385 152 476
2 0.750000 591 218 600 240
2 0.750000 600 217 609 239
2 0.750000 561 224 571 247
2 0.750000 356 243 367 266
2 0.750000 205 288 221 344
2 0.750000 219 285 241 343
