0 0.750000 650 202 667 212
0 0.750000 731 202 765 219
0 0.750000 802 197 814 206
0 0.750000 679 205 735 228
0 0.750000 769 216 802 247
0 0.750000 806 205 830 228
0 0.750000 367 239 412 254
0 0.750000 747 234 789 276
0 0.750000 833 237 854 263
0 0.750000 257 250 341 291
0 0.750000 339 247 416 283
0 0.750000 212 263 297 306
0 0.750000 543 254 622 320
0 0.750000 699 266 778 344
0 0.750000 457 322 653 457
2 0.750000 437 235 446 259
2 0.750000 412 238 420 255
2 0.750000 207 289 224 345
2 0.750000 194 288 207 337
2 0.750000 219 285 241 343
