0 0.750000 649 202 667 212
0 0.750000 730 200 766 220
0 0.750000 836 198 854 217
0 0.750000 680 205 737 227
0 0.750000 766 215 800 251
0 0.750000 803 208 826 231
0 0.750000 370 243 460 285
0 0.750000 744 238 787 281
0 0.750000 831 227 853 264
0 0.750000 258 250 342 292
0 0.750000 213 263 293 306
0 0.750000 554 263 623 332
0 0.750000 676 284 773 374
0 0.750000 342 353 576 477
2 0.750000 592 217 603 240
2 0.750000 601 217 609 240
2 0.750000 207 291 224 345
2 0.750000 219 285 240 343
2 0.750000 197 290 209 337
