0 0.750000 806 197 814 203
0 0.750000 642 201 654 212
0 0.750000 727 200 765 220
0 0.750000 679 205 735 228
0 0.750000 776 211 810 241
0 0.750000 813 206 836 226
0 0.750000 206 239 263 264
0 0.750000 754 230 792 265
0 0.750000 832 234 853 263
0 0.750000 257 249 342 291
0 0.750000 311 246 364 281
0 0.750000 216 264 299 307
0 0.750000 524 248 611 312
0 0.750000 719 255 783 321
0 0.750000 558 297 703 405
2 0.750000 601 217 609 238
2 0.750000 408 240 417 264
2 0.750000 437 234 448 261
2 0.750000 382 238 393 265
2 0.750000 208 288 222 343
2 0.750000 220 284 242 342
2 0.750000 197 290 209 337
