0 0.750000 649 202 666 211
0 0.750000 731 201 765 220
0 0.750000 679 205 736 228
0 0.750000 781 213 808 240
0 0.750000 815 206 839 225
0 0.750000 756 226 795 264
0 0.750000 206 240 267 265
0 0.750000 832 234 853 262
0 0.750000 243 250 340 293
0 0.750000 220 265 302 308
0 0.750000 513 248 602 308
0 0.750000 724 252 781 312
0 0.750000 593 288 719 387
2 0.750000 603 217 612 237
2 0.750000 437 233 448 262
2 0.750000 374 243 383 264
2 0.750000 410 240 418 263
2 0.750000 560 225 571 248
2 0.750000 208 281 224 343
2 0.750000 195 287 209 337
2 0.750000 220 285 241 343
2 0.750000 463 235 472 263
