0 0.750000 734 202 765 220
0 0.750000 680 205 735 227
0 0.750000 781 212 811 242
0 0.750000 817 204 839 225
0 0.750000 758 228 795 261
0 0.750000 833 235 854 262
0 0.750000 255 250 340 291
0 0.750000 503 247 597 307
0 0.750000 222 265 305 308
0 0.750000 726 250 783 307
0 0.750000 609 282 726 376
2 0.750000 604 217 613 239
2 0.750000 389 237 400 266
2 0.750000 437 232 450 262
2 0.750000 374 243 384 266
2 0.750000 410 240 419 266
2 0.750000 463 235 472 263
2 0.750000 405 238 416 266
2 0.750000 194 286 209 337
2 0.750000 208 280 226 343
2 0.750000 220 283 242 343
