0 0.750000 650 202 667 212
0 0.750000 727 200 765 220
0 0.750000 804 197 817 206
0 0.750000 679 205 734 227
0 0.750000 777 213 811 242
0 0.750000 814 205 837 225
0 0.750000 755 227 796 264
0 0.750000 206 239 264 265
0 0.750000 355 245 375 262
0 0.750000 833 234 854 263
0 0.750000 259 249 341 291
0 0.750000 313 245 360 277
0 0.750000 216 264 299 307
0 0.750000 523 248 610 312
0 0.750000 721 254 783 318
0 0.750000 568 293 708 401
2 0.750000 438 234 448 260
2 0.750000 461 233 470 263
2 0.750000 409 241 417 265
2 0.750000 208 284 222 343
2 0.750000 221 285 242 343
2 0.750000 196 289 208 337
