0 0.750000 814 195 831 206
0 0.750000 730 201 765 219
0 0.750000 836 199 852 218
0 0.750000 679 205 734 227
0 0.750000 802 208 827 231
0 0.750000 761 220 798 254
0 0.750000 834 211 854 241
0 0.750000 832 235 853 262
0 0.750000 252 250 343 292
0 0.750000 408 247 503 287
0 0.750000 741 243 787 286
0 0.750000 210 263 288 303
0 0.750000 551 268 626 340
0 0.750000 647 297 766 403
0 0.750000 7 364 205 476
0 0.750000 204 376 496 479
2 0.750000 590 218 599 242
2 0.750000 599 217 608 240
2 0.750000 206 290 222 344
2 0.750000 219 285 241 343