0 0.750000 650 202 667 212
0 0.750000 730 201 765 219
0 0.750000 836 199 854 218
0 0.750000 679 205 734 227
0 0.750000 763 218 799 252
0 0.750000 802 209 826 232
0 0.750000 834 211 854 243
0 0.750000 832 233 852 262
0 0.750000 253 249 342 292
0 0.750000 400 247 495 285
0 0.750000 742 241 787 285
0 0.750000 209 262 288 306
0 0.750000 553 270 627 339
0 0.750000 651 292 767 395
0 0.750000 2 375 189 478
0 0.750000 250 394 518 478
2 0.750000 600 216 609 240
2 0.750000 590 217 600 242
2 0.750000 205 289 220 343
2 0.750000 219 285 241 342
