0 0.750000 733 202 764 219
0 0.750000 679 205 736 227
0 0.750000 783 210 816 236
0 0.750000 246 238 279 253
0 0.750000 761 219 798 257
0 0.750000 208 240 245 264
0 0.750000 832 233 853 263
0 0.750000 222 248 267 275
0 0.750000 239 259 329 302
0 0.750000 479 246 581 300
0 0.750000 733 245 785 293
0 0.750000 650 271 744 352
2 0.750000 604 217 615 236
2 0.750000 439 237 449 262
2 0.750000 462 236 469 261
2 0.750000 561 224 572 248
2 0.750000 400 239 408 266
2 0.750000 412 239 423 266
2 0.750000 207 285 224 343
2 0.750000 221 282 242 342
2 0.750000 197 289 208 337
