0 0.750000 734 202 765 220
0 0.750000 679 205 735 227
0 0.750000 786 209 818 236
0 0.750000 765 220 803 254
0 0.750000 207 238 268 255
0 0.750000 833 235 853 263
0 0.750000 207 247 250 275
0 0.750000 246 258 337 302
0 0.750000 466 246 568 299
0 0.750000 736 242 785 289
0 0.750000 664 268 750 343
2 0.750000 604 217 614 237
2 0.750000 440 237 449 261
2 0.750000 382 245 391 265
2 0.750000 403 240 412 266
2 0.750000 413 239 423 266
2 0.750000 195 287 208 337
2 0.750000 206 286 223 343
2 0.750000 222 284 240 343
