0 0.750000 735 202 766 218
0 0.750000 679 205 736 227
0 0.750000 787 210 817 235
0 0.750000 819 204 840 222
0 0.750000 246 238 278 254
0 0.750000 761 220 799 257
0 0.750000 209 240 246 263
0 0.750000 833 235 853 262
0 0.750000 219 248 272 275
0 0.750000 239 259 329 301
0 0.750000 477 246 580 300
0 0.750000 734 245 784 293
0 0.750000 651 270 745 350
2 0.750000 604 217 614 237
2 0.750000 400 240 408 266
2 0.750000 440 238 449 262
2 0.750000 462 235 469 260
2 0.750000 412 239 422 265
2 0.750000 207 285 224 343
2 0.750000 221 283 242 342
2 0.750000 195 287 209 337
