0 0.750000 729 200 765 219
0 0.750000 804 197 815 206
0 0.750000 679 205 736 228
0 0.750000 773 215 805 244
0 0.750000 809 206 834 227
0 0.750000 343 239 382 252
0 0.750000 750 232 790 273
0 0.750000 832 234 853 262
0 0.750000 254 250 338 290
0 0.750000 321 247 389 282
0 0.750000 215 264 297 307
0 0.750000 536 255 616 314
0 0.750000 710 261 781 332
0 0.750000 514 309 683 428
2 0.750000 438 234 447 259
2 0.750000 404 240 418 262
2 0.750000 460 234 469 262
2 0.750000 195 288 208 337
2 0.750000 208 290 224 343
2 0.750000 220 286 242 342
