0 0.750000 829 195 846 207
0 0.750000 735 201 766 218
0 0.750000 679 206 736 228
0 0.750000 786 210 818 235
0 0.750000 819 204 840 222
0 0.750000 761 220 799 255
0 0.750000 238 238 279 257
0 0.750000 832 234 854 262
0 0.750000 217 247 274 274
0 0.750000 238 262 328 306
0 0.750000 267 248 342 287
0 0.750000 475 246 577 300
0 0.750000 734 244 784 292
0 0.750000 654 270 747 351
2 0.750000 604 217 614 236
2 0.750000 439 237 449 262
2 0.750000 462 235 470 260
2 0.750000 402 240 409 264
2 0.750000 412 238 423 265
2 0.750000 195 287 209 337
2 0.750000 207 285 224 343
2 0.750000 220 283 241 343
