0 0.750000 649 202 666 212
0 0.750000 729 200 765 219
0 0.750000 678 205 734 227
0 0.750000 774 215 805 245
0 0.750000 811 205 833 227
0 0.750000 340 239 374 250
0 0.750000 208 240 263 264
0 0.750000 751 231 790 271
0 0.750000 832 235 853 263
0 0.750000 256 250 338 290
0 0.750000 318 247 382 282
0 0.750000 213 264 299 306
0 0.750000 532 252 616 317
0 0.750000 712 261 781 330
0 0.750000 527 307 689 424
1 0.750000 403 247 419 266
2 0.750000 438 234 448 259
2 0.750000 381 240 389 266
2 0.750000 406 240 419 262
2 0.750000 459 234 469 262
2 0.750000 208 289 224 343
2 0.750000 194 289 208 337
2 0.750000 221 286 242 343
