0 0.750000 733 202 765 220
0 0.750000 679 205 735 227
0 0.750000 784 209 818 235
0 0.750000 210 236 269 254
0 0.750000 766 218 804 253
0 0.750000 738 240 785 286
0 0.750000 833 236 853 263
0 0.750000 206 248 246 275
0 0.750000 255 247 332 279
0 0.750000 464 245 567 298
0 0.750000 246 262 338 308
0 0.750000 667 262 753 340
2 0.750000 440 238 450 262
2 0.750000 605 218 614 239
2 0.750000 617 217 625 237
2 0.750000 403 241 412 267
2 0.750000 413 240 424 267
2 0.750000 383 245 391 265
2 0.750000 195 287 208 337
2 0.750000 206 286 222 342
2 0.750000 221 283 240 342
