0 0.750000 649 202 667 212
0 0.750000 730 201 765 220
0 0.750000 804 197 816 204
0 0.750000 678 205 735 228
0 0.750000 775 214 806 244
0 0.750000 812 205 834 226
0 0.750000 208 240 263 264
0 0.750000 335 239 374 252
0 0.750000 751 231 792 271
0 0.750000 832 234 853 262
0 0.750000 255 250 339 290
0 0.750000 314 247 378 280
0 0.750000 215 265 299 307
0 0.750000 528 251 613 315
0 0.750000 712 260 781 326
0 0.750000 536 302 692 416
2 0.750000 380 238 390 266
2 0.750000 406 240 417 262
2 0.750000 437 234 448 259
2 0.750000 208 289 224 343
2 0.750000 220 285 241 342
2 0.750000 195 289 208 337
