0 0.750000 809 195 832 206
0 0.750000 649 202 668 212
0 0.750000 732 202 765 219
0 0.750000 679 205 737 228
0 0.750000 769 216 802 247
0 0.750000 806 208 829 228
0 0.750000 835 218 853 247
0 0.750000 340 245 426 284
0 0.750000 747 235 789 275
0 0.750000 832 233 854 263
0 0.750000 258 249 340 292
0 0.750000 214 263 296 306
0 0.750000 549 256 623 323
0 0.750000 694 272 778 352
0 0.750000 426 328 631 469
2 0.750000 602 217 611 237
2 0.750000 207 289 224 345
2 0.750000 193 289 207 338
2 0.750000 220 285 241 342
