0 0.750000 729 201 765 219
0 0.750000 834 199 852 218
0 0.750000 679 205 735 227
0 0.750000 800 209 826 232
0 0.750000 761 220 798 253
0 0.750000 834 211 854 241
0 0.750000 832 234 852 262
0 0.750000 253 250 343 292
0 0.750000 411 247 506 286
0 0.750000 741 243 787 287
0 0.750000 210 262 287 307
0 0.750000 551 269 628 341
0 0.750000 644 298 765 410
0 0.750000 16 365 217 475
2 0.750000 590 218 599 243
2 0.750000 598 217 607 241
2 0.750000 354 242 363 266
2 0.750000 406 238 417 262
2 0.750000 205 288 221 342
2 0.750000 219 285 241 343
1 0.75 18 37 492 483
