0 0.750000 735 202 767 219
0 0.750000 679 205 736 227
0 0.750000 781 212 813 241
0 0.750000 819 205 839 223
0 0.750000 759 223 796 259
0 0.750000 833 235 854 262
0 0.750000 259 248 339 288
0 0.750000 486 247 584 303
0 0.750000 733 246 785 298
0 0.750000 230 259 321 307
0 0.750000 634 271 740 359
2 0.750000 604 217 615 236
2 0.750000 412 240 422 265
2 0.750000 561 224 573 247
2 0.750000 438 236 448 262
2 0.750000 401 238 408 265
2 0.750000 195 287 210 337
2 0.750000 206 283 222 342
2 0.750000 222 283 242 341
