0 0.750000 734 202 766 219
0 0.750000 679 205 736 227
0 0.750000 793 208 820 234
0 0.750000 770 218 802 252
0 0.750000 740 239 784 283
0 0.750000 833 237 853 262
0 0.750000 205 247 246 275
0 0.750000 454 244 557 296
0 0.750000 250 260 340 309
0 0.750000 675 261 755 333
2 0.750000 439 235 450 262
2 0.750000 452 234 463 259
2 0.750000 605 218 614 239
2 0.750000 387 244 397 267
2 0.750000 404 239 413 265
2 0.750000 413 239 423 266
2 0.750000 196 287 209 337
2 0.750000 207 286 224 344
2 0.750000 222 283 241 343
