0 0.750000 650 202 667 212
0 0.750000 728 201 765 219
0 0.750000 814 195 831 207
0 0.750000 679 205 735 228
0 0.750000 763 217 801 253
0 0.750000 802 208 827 232
0 0.750000 437 238 467 248
0 0.750000 743 240 788 285
0 0.750000 832 235 852 262
0 0.750000 254 249 342 292
0 0.750000 392 248 485 285
0 0.750000 211 262 288 305
0 0.750000 555 269 625 337
0 0.750000 660 292 768 387
0 0.750000 0 375 161 477
0 0.750000 267 385 539 478
2 0.750000 591 218 600 241
2 0.750000 562 224 573 247
2 0.750000 404 240 414 255
2 0.750000 205 288 220 342
2 0.750000 220 285 241 343
