0 0.750000 734 202 766 220
0 0.750000 802 197 814 206
0 0.750000 679 205 734 227
0 0.750000 781 212 813 240
0 0.750000 818 206 839 225
0 0.750000 206 238 263 266
0 0.750000 281 236 312 250
0 0.750000 759 225 795 260
0 0.750000 834 234 854 262
0 0.750000 257 248 341 288
0 0.750000 500 247 595 306
0 0.750000 728 248 784 305
0 0.750000 222 265 307 307
0 0.750000 617 277 731 372
2 0.750000 604 217 614 239
2 0.750000 391 238 402 266
2 0.750000 437 232 449 262
2 0.750000 376 243 386 266
2 0.750000 411 240 421 265
2 0.750000 558 224 572 247
2 0.750000 194 287 209 337
2 0.750000 207 282 225 343
2 0.750000 221 283 242 344
