0 0.750000 733 202 765 219
0 0.750000 679 205 734 227
0 0.750000 784 208 818 236
0 0.750000 766 217 804 253
0 0.750000 738 240 785 286
0 0.750000 833 236 853 262
0 0.750000 207 247 247 274
0 0.750000 240 248 271 275
0 0.750000 256 248 333 277
0 0.750000 463 245 566 298
0 0.750000 246 262 337 308
0 0.750000 668 263 753 339
2 0.750000 440 235 450 262
2 0.750000 605 217 614 239
2 0.750000 617 217 626 238
2 0.750000 403 241 412 265
2 0.750000 413 240 423 266
2 0.750000 383 245 390 264
2 0.750000 195 287 209 337
2 0.750000 206 286 223 343
2 0.750000 222 283 241 342
