0 0.750000 650 202 667 212
0 0.750000 732 201 765 219
0 0.750000 814 197 831 208
0 0.750000 834 199 852 217
0 0.750000 679 205 734 227
0 0.750000 802 209 827 231
0 0.750000 762 220 798 254
0 0.750000 834 211 854 243
0 0.750000 832 235 852 262
0 0.750000 251 250 342 292
0 0.750000 407 247 503 287
0 0.750000 741 243 787 286
0 0.750000 210 264 287 304
0 0.750000 551 268 626 341
0 0.750000 647 298 765 402
0 0.750000 7 363 205 476
0 0.750000 199 375 499 478
2 0.750000 599 217 608 240
2 0.750000 406 239 417 260
2 0.750000 205 289 221 343
2 0.750000 219 285 241 343
