0 0.750000 809 195 832 206
0 0.750000 649 202 668 212
0 0.750000 732 202 765 220
0 0.750000 679 205 735 228
0 0.750000 769 215 803 248
0 0.750000 806 207 830 228
0 0.750000 340 244 426 283
0 0.750000 747 236 788 275
0 0.750000 833 234 854 262
0 0.750000 257 249 340 292
0 0.750000 212 264 295 307
0 0.750000 548 255 622 324
0 0.750000 694 272 779 352
0 0.750000 426 327 633 469
2 0.750000 601 217 611 238
2 0.750000 207 288 224 344
2 0.750000 460 236 469 263
2 0.750000 194 288 208 337
2 0.750000 220 285 241 342
