0 0.750000 732 202 764 218
0 0.750000 802 197 816 206
0 0.750000 680 205 735 227
0 0.750000 781 211 811 240
0 0.750000 818 206 838 224
0 0.750000 274 235 311 250
0 0.750000 759 224 795 259
0 0.750000 263 238 306 253
0 0.750000 832 235 852 262
0 0.750000 252 247 341 290
0 0.750000 495 246 592 305
0 0.750000 729 247 785 301
0 0.750000 227 265 311 306
0 0.750000 625 276 734 367
2 0.750000 604 217 615 238
2 0.750000 436 234 448 262
2 0.750000 376 242 386 266
2 0.750000 390 238 403 264
2 0.750000 208 282 225 343
2 0.750000 194 287 209 337
2 0.750000 221 282 242 342
