0 0.750000 829 195 850 206
0 0.750000 734 202 765 219
0 0.750000 679 205 736 227
0 0.750000 779 209 817 235
0 0.750000 765 218 802 254
0 0.750000 833 235 853 263
0 0.750000 246 258 334 304
0 0.750000 469 244 570 299
0 0.750000 736 242 786 289
0 0.750000 659 264 750 344
2 0.750000 440 234 449 262
2 0.750000 462 234 470 259
2 0.750000 604 217 613 239
2 0.750000 381 245 389 266
2 0.750000 403 242 411 265
2 0.750000 413 240 424 266
2 0.750000 195 287 208 337
2 0.750000 206 285 224 343
2 0.750000 222 284 240 342
