0 0.750000 728 199 765 220
0 0.750000 679 206 735 228
0 0.750000 775 212 808 242
0 0.750000 813 204 837 225
0 0.750000 206 239 262 265
0 0.750000 755 230 792 265
0 0.750000 832 234 853 262
0 0.750000 259 249 341 289
0 0.750000 313 245 367 278
0 0.750000 215 265 298 306
0 0.750000 525 250 611 314
0 0.750000 716 257 781 321
0 0.750000 553 298 702 410
2 0.750000 438 234 449 260
2 0.750000 371 242 378 263
2 0.750000 382 238 393 266
2 0.750000 407 240 417 264
2 0.750000 208 286 224 344
2 0.750000 461 233 471 262
2 0.750000 220 284 241 342
2 0.750000 194 288 208 337
