0 0.750000 650 202 668 212
0 0.750000 730 201 765 220
0 0.750000 679 205 735 228
0 0.750000 769 215 803 247
0 0.750000 809 206 831 228
0 0.750000 358 239 399 251
0 0.750000 749 233 790 273
0 0.750000 832 234 853 262
0 0.750000 251 249 340 291
0 0.750000 337 247 406 282
0 0.750000 214 263 297 306
0 0.750000 540 254 617 317
0 0.750000 703 265 779 341
0 0.750000 476 315 664 445
2 0.750000 417 239 425 258
2 0.750000 438 235 446 259
2 0.750000 404 239 414 262
2 0.750000 461 233 470 260
2 0.750000 207 288 223 344
2 0.750000 194 289 208 337
2 0.750000 219 285 240 341
