2 462 232 472 260
2 451 236 461 263
2 438 234 448 264
0 408 238 419 266
2 387 238 395 267
2 374 240 382 267
2 36 303 47 334
0 590 285 719 389
0 721 251 782 311
0 509 248 601 309
0 310 246 341 268
0 242 248 340 291
2 219 266 303 306
0 205 238 263 264
0 754 227 794 263
0 675 208 728 227
0 778 214 810 242
0 812 207 835 226
0 830 234 853 263
0 837 201 850 215
0 804 196 828 207
0 739 202 766 217
2 220 285 239 342
2 207 291 219 342
2 193 286 206 337
2 48 300 64 336
2 558 226 570 247
2 597 218 608 241
2 611 216 620 240
