2 462 232 472 259
2 451 236 461 263
2 438 234 448 264
0 411 238 421 266
2 398 236 407 265
2 381 240 389 266
0 218 247 247 275
2 15 302 33 337
0 647 269 745 353
0 732 242 784 294
0 477 246 578 302
0 242 248 340 291
2 236 266 323 308
0 205 238 245 264
0 760 222 799 256
0 675 208 728 227
0 785 211 816 236
0 817 206 838 224
0 830 234 853 263
0 838 200 851 213
0 804 196 827 207
0 739 202 766 217
2 220 285 239 342
2 207 291 219 342
2 193 286 206 337
2 51 300 67 336
2 559 226 570 247
2 601 217 612 240
2 615 216 624 240
