2 462 232 472 244
2 451 236 461 247
2 438 234 448 250
2 412 237 420 263
2 393 240 401 267
0 206 247 230 272
0 33 446 337 480
0 824 195 839 205
0 690 252 761 320
0 742 235 786 276
0 426 244 532 292
0 242 248 340 291
2 269 270 362 315
0 771 219 806 248
0 675 208 728 227
0 796 209 825 231
0 822 204 842 220
0 830 234 853 263
0 841 200 853 212
0 804 196 823 207
0 739 202 766 217
2 220 285 239 342
2 207 291 219 342
2 193 286 206 337
2 54 299 73 334
2 559 226 571 246
2 605 216 617 240
2 620 215 629 239
