2 462 232 472 254
2 451 236 461 257
2 438 234 448 260
0 411 238 421 266
2 407 237 415 266
2 388 240 396 266
0 206 247 249 274
2 3 306 17 340
0 826 195 840 205
0 674 259 755 333
0 738 238 784 284
0 450 244 553 297
0 242 248 340 291
2 254 268 343 310
0 766 220 803 251
0 675 208 728 227
0 791 210 822 234
0 820 205 839 221
0 830 234 853 263
0 839 200 852 213
0 804 196 825 207
0 739 202 766 217
2 220 285 239 342
2 207 291 219 342
2 193 286 206 337
2 54 299 72 335
2 559 226 571 246
2 603 216 614 240
2 618 215 626 239
