2 462 232 472 244
2 451 236 461 248
2 438 234 448 251
2 411 237 420 264
2 393 240 401 267
0 206 247 231 272
2 0 309 5 340
0 27 449 330 480
0 824 195 839 205
0 689 253 761 320
0 741 235 786 276
0 428 244 534 293
0 242 248 340 291
2 268 270 361 315
0 771 219 805 248
0 675 208 728 227
0 796 209 825 231
0 822 204 842 220
0 830 234 853 263
0 840 200 853 213
0 804 196 823 207
0 739 202 766 217
2 220 285 239 342
2 207 291 219 342
2 193 286 206 337
2 54 299 73 334
2 559 226 571 246
2 605 216 617 240
2 620 215 629 239
