2 462 232 472 259
2 451 236 461 263
2 438 234 448 264
0 411 238 421 266
2 396 237 405 266
2 379 240 387 267
0 225 247 247 275
2 19 303 35 336
0 639 270 742 358
0 731 244 784 297
0 482 247 582 303
0 242 248 340 291
2 232 266 319 308
0 205 238 251 264
0 759 223 798 257
0 675 208 728 227
0 784 211 815 237
0 816 206 838 224
0 830 234 853 263
0 838 201 851 213
0 804 196 827 207
0 739 202 766 217
2 220 285 239 342
2 207 291 219 342
2 193 286 206 337
2 51 300 65 336
2 559 226 570 247
2 601 217 612 240
2 614 216 623 240
