2 462 232 472 244
2 451 236 461 249
2 438 234 448 252
2 411 237 420 265
2 392 240 400 267
0 206 247 233 272
2 0 309 5 340
0 22 451 323 479
0 824 195 839 205
0 688 253 760 321
0 741 235 786 277
0 430 244 535 293
0 242 248 340 291
2 267 270 360 314
0 770 220 805 248
0 675 208 728 227
0 796 209 825 232
0 822 204 841 220
0 830 234 853 263
0 840 200 853 213
0 804 196 824 207
0 739 202 766 217
2 220 285 239 342
2 207 291 219 342
2 193 286 206 337
2 54 299 73 334
2 559 226 571 246
2 605 216 617 240
2 620 215 629 239
