2 462 232 472 244
2 451 236 461 251
2 438 234 448 255
2 410 237 419 266
2 391 240 399 266
0 206 247 238 272
2 0 309 8 340
0 11 455 281 479
0 825 195 839 205
0 685 255 759 324
0 740 236 785 278
0 435 244 540 294
0 242 248 340 291
2 263 270 356 313
0 769 220 804 249
0 675 208 728 227
0 795 210 824 232
0 822 204 841 220
0 830 234 853 263
0 840 200 853 213
0 804 196 824 207
0 739 202 766 217
2 220 285 239 342
2 207 291 219 342
2 193 286 206 337
2 54 299 73 334
2 559 226 571 246
2 605 216 616 240
2 619 215 628 239
