2 462 232 472 260
2 451 236 461 263
2 438 234 448 264
0 411 238 421 266
2 394 237 403 267
2 377 240 386 267
2 22 303 38 336
0 632 272 739 363
0 729 245 784 300
0 488 247 585 304
0 242 248 340 291
2 229 266 316 308
0 205 238 257 264
0 758 224 798 258
0 675 208 728 227
0 783 211 814 238
0 815 206 837 224
0 830 234 853 263
0 838 201 851 214
0 804 196 827 207
0 739 202 766 217
2 220 285 239 342
2 207 291 219 342
2 193 286 206 337
2 50 300 65 336
2 558 226 570 247
2 600 217 612 240
2 613 216 622 240
