2 462 232 472 260
2 451 236 461 263
2 438 234 448 264
0 409 238 419 266
2 388 238 397 267
2 375 240 383 267
2 32 303 46 335
0 604 281 725 381
0 724 249 783 307
0 504 247 598 308
0 310 247 330 264
0 242 248 340 291
2 220 266 305 306
0 205 238 263 264
0 755 226 796 262
0 675 208 728 227
0 780 213 811 242
0 813 207 835 225
0 830 234 853 263
0 838 201 851 214
0 804 196 828 207
0 739 202 766 217
2 220 285 239 342
2 207 291 219 342
2 193 286 206 337
2 49 300 64 336
2 558 226 570 247
2 598 218 609 241
2 612 216 620 240
