2 462 232 472 262
2 451 236 461 263
2 438 234 448 264
0 421 326 639 469
0 691 271 779 351
0 543 257 619 327
0 340 246 427 284
0 242 249 341 291
2 212 264 295 304
0 205 238 263 264
0 744 234 789 275
0 675 208 728 227
0 767 219 802 248
0 805 208 831 230
0 830 234 853 263
0 834 202 849 217
0 804 196 830 207
0 739 202 766 217
2 220 285 239 342
2 207 291 219 342
2 193 286 206 337
2 65 296 80 331
2 49 300 67 336
2 360 240 370 251
2 372 238 382 250
2 557 227 569 247
2 590 219 602 242
2 604 218 613 242
