2 462 232 472 259
2 451 236 461 260
2 438 234 448 263
0 411 238 421 266
2 403 236 411 266
2 386 240 395 266
0 206 247 247 275
2 5 304 23 340
0 827 195 840 205
0 668 261 753 338
0 736 238 784 287
0 458 244 559 299
0 242 248 340 291
2 248 267 335 309
0 205 238 223 251
0 765 220 802 252
0 675 208 728 227
0 789 211 820 236
0 819 205 839 221
0 830 234 853 263
0 839 200 852 213
0 804 196 826 207
0 739 202 766 217
2 220 285 239 342
2 207 291 219 342
2 193 286 206 337
2 52 300 71 336
2 559 226 571 246
2 602 216 613 240
2 616 215 625 239
