2 462 232 472 260
2 451 236 461 263
2 438 234 448 264
0 411 238 421 266
2 395 237 404 266
2 378 240 386 267
2 20 303 37 336
0 636 271 741 360
0 730 245 784 299
0 485 247 583 304
0 242 248 340 291
2 231 266 317 308
0 205 238 254 264
0 758 223 798 257
0 675 208 728 227
0 784 211 815 238
0 816 206 837 224
0 830 234 853 263
0 838 201 851 214
0 804 196 827 207
0 739 202 766 217
2 220 285 239 342
2 207 291 219 342
2 193 286 206 337
2 51 300 65 336
2 558 226 570 247
2 601 217 612 240
2 614 216 622 240
