2 462 232 472 260
2 451 236 461 263
2 438 234 448 264
0 410 238 420 266
2 392 237 401 267
2 377 240 385 267
2 26 304 42 335
0 622 275 734 369
0 727 247 784 302
0 494 247 590 305
0 242 248 340 291
2 226 266 311 307
0 205 238 263 264
0 757 225 797 259
0 675 208 728 227
0 782 212 813 239
0 815 206 836 224
0 830 234 853 263
0 838 201 851 214
0 804 196 828 207
0 739 202 766 217
2 220 285 239 342
2 207 291 219 342
2 193 286 206 337
2 50 300 64 336
2 558 226 570 247
2 600 217 611 241
2 613 216 621 240
