2 462 232 472 260
2 451 236 461 263
2 438 234 448 264
0 409 238 419 266
2 387 238 396 267
2 374 240 382 267
2 34 303 46 334
0 597 283 722 385
0 722 250 782 309
0 507 248 600 308
0 310 247 335 266
0 242 248 340 291
2 220 266 304 306
0 205 238 263 264
0 754 226 795 263
0 675 208 728 227
0 779 214 810 242
0 813 207 835 225
0 830 234 853 263
0 837 201 850 214
0 804 196 828 207
0 739 202 766 217
2 220 285 239 342
2 207 291 219 342
2 193 286 206 337
2 48 300 64 336
2 558 226 570 247
2 597 218 609 241
2 611 216 620 240
