2 404 239 414 249
2 462 232 472 262
2 451 236 461 263
0 1 409 41 479
0 364 336 605 479
0 681 278 776 364
0 547 260 622 329
0 358 246 449 284
0 243 249 341 291
2 210 264 293 304
0 205 238 263 264
0 743 237 788 278
0 675 208 728 227
0 764 219 801 251
0 803 208 830 230
0 830 234 853 263
0 833 202 848 217
0 804 196 831 207
0 739 202 766 217
2 220 285 239 342
2 207 291 219 342
2 193 286 206 337
2 69 295 84 330
2 51 299 70 334
2 356 240 366 260
2 369 238 379 258
2 557 227 569 247
2 589 219 601 242
2 602 218 611 242
2 0 308 4 335
