2 462 232 472 262
2 451 236 461 263
2 438 234 448 264
0 407 332 630 475
0 688 273 778 355
0 544 259 620 329
0 343 246 433 284
0 243 249 341 291
2 212 264 295 304
0 205 238 263 264
0 743 235 788 276
0 675 208 728 227
0 766 219 802 249
0 805 208 831 230
0 830 234 853 263
0 834 202 849 217
0 804 196 830 207
0 739 202 766 217
2 220 285 239 342
2 207 291 219 342
2 193 286 206 337
2 66 295 81 330
2 49 300 68 335
2 359 240 369 254
2 372 238 382 250
2 557 227 569 247
2 590 219 602 242
2 603 218 612 242
