2 462 232 472 243
2 451 236 461 250
2 438 234 448 254
2 410 237 419 266
2 391 240 400 266
0 206 247 237 272
2 0 309 7 340
0 11 455 310 479
0 825 195 839 205
0 686 254 760 323
0 740 236 785 278
0 433 244 539 293
0 242 248 340 291
2 264 270 357 313
0 770 220 804 249
0 675 208 728 227
0 795 209 825 232
0 822 204 841 220
0 830 234 853 263
0 840 200 853 213
0 804 196 824 207
0 739 202 766 217
2 220 285 239 342
2 207 291 219 342
2 193 286 206 337
2 54 299 73 334
2 559 226 571 246
2 605 216 617 240
2 620 215 628 239
