2 462 232 472 247
2 451 236 461 253
2 438 234 448 257
2 409 237 418 266
2 390 240 398 266
0 206 247 242 273
2 0 309 11 340
0 11 455 251 479
0 825 195 839 205
0 682 256 758 327
0 739 237 785 280
0 440 244 544 295
0 242 248 340 291
2 260 269 351 312
0 768 220 804 250
0 675 208 728 227
0 794 210 823 233
0 821 204 841 221
0 830 234 853 263
0 840 200 852 213
0 804 196 825 207
0 739 202 766 217
2 220 285 239 342
2 207 291 219 342
2 193 286 206 337
2 54 299 73 334
2 559 226 571 246
2 604 216 616 240
2 619 215 628 239
