2 462 232 472 262
2 451 236 461 263
0 1 409 52 479
0 355 343 598 480
0 679 279 776 366
0 548 260 622 330
0 360 246 451 284
0 243 249 341 291
2 210 264 293 304
0 205 238 263 264
0 743 237 788 278
0 675 208 728 227
0 764 219 800 251
0 803 208 830 230
0 830 234 853 263
0 833 202 848 217
0 804 196 831 207
0 739 202 766 217
2 220 285 239 342
2 207 291 219 342
2 193 286 206 337
2 69 295 85 330
2 51 299 70 334
2 356 240 366 261
2 368 238 378 258
2 557 227 569 247
2 589 219 601 242
2 602 219 611 242
2 0 308 4 335
