2 462 232 472 247
2 451 236 461 244
2 438 234 448 245
2 415 237 423 254
2 396 241 404 268
0 206 247 218 272
0 75 429 391 479
0 823 195 838 205
0 698 249 763 313
0 745 232 789 272
0 411 243 518 291
0 242 248 340 291
2 280 269 372 318
0 774 218 808 246
0 675 208 728 227
0 798 208 827 230
0 823 204 843 219
0 830 234 853 263
0 842 200 853 212
0 804 196 822 207
0 739 202 766 217
2 220 285 239 342
2 207 291 219 342
2 193 286 206 337
2 54 299 73 334
2 559 226 571 246
2 606 216 617 239
2 621 215 629 239
