2 462 232 472 260
2 451 236 461 263
2 438 234 448 264
0 411 238 421 266
2 393 237 402 267
2 377 240 385 267
2 24 303 40 336
0 627 274 737 366
0 728 246 784 301
0 491 247 588 305
0 242 248 340 291
2 227 266 313 307
0 205 238 260 264
0 757 224 798 258
0 675 208 728 227
0 783 212 814 239
0 815 206 837 224
0 830 234 853 263
0 838 201 851 214
0 804 196 828 207
0 739 202 766 217
2 220 285 239 342
2 207 291 219 342
2 193 286 206 337
2 50 300 65 336
2 558 226 570 247
2 600 217 611 241
2 613 216 622 240
