2 462 232 472 257
2 451 236 461 259
2 438 234 448 262
0 411 238 421 266
2 404 236 413 266
2 387 240 395 266
0 206 247 249 274
2 4 305 21 340
0 827 195 840 205
0 671 260 754 336
0 737 238 784 286
0 454 244 557 298
0 242 248 340 291
2 251 267 338 310
0 766 220 802 251
0 675 208 728 227
0 790 211 821 235
0 819 205 839 221
0 830 234 853 263
0 839 200 852 213
0 804 196 826 207
0 739 202 766 217
2 220 285 239 342
2 207 291 219 342
2 193 286 206 337
2 53 300 72 335
2 559 226 571 246
2 602 216 614 240
2 617 215 626 239
