2 462 232 472 260
2 451 236 461 263
2 438 234 448 264
0 409 238 419 266
2 388 238 397 267
2 376 240 384 267
2 31 304 45 335
0 607 280 727 379
0 724 249 783 306
0 503 247 598 307
0 310 247 328 263
0 242 248 340 291
2 221 266 305 306
0 205 238 262 264
0 756 226 796 261
0 675 208 728 227
0 780 213 811 241
0 813 207 835 225
0 830 234 853 263
0 838 201 851 214
0 804 196 828 207
0 739 202 766 217
2 220 285 239 342
2 207 291 219 342
2 193 286 206 337
2 49 300 64 336
2 558 226 570 247
2 598 218 610 241
2 612 216 621 240
