2 462 232 472 255
2 451 236 461 258
2 438 234 448 261
0 411 238 421 266
2 406 237 414 266
2 388 240 396 266
0 206 247 251 274
2 3 306 18 340
0 826 195 840 205
0 673 259 755 334
0 737 238 784 284
0 451 244 554 297
0 242 248 340 291
2 253 268 341 310
0 766 220 802 251
0 675 208 728 227
0 791 211 822 235
0 820 205 839 221
0 830 234 853 263
0 839 200 852 213
0 804 196 826 207
0 739 202 766 217
2 220 285 239 342
2 207 291 219 342
2 193 286 206 337
2 53 299 72 335
2 559 226 571 246
2 603 216 614 240
2 617 215 626 239
