2 462 232 472 244
2 451 236 461 249
2 438 234 448 253
2 411 237 419 267
2 392 240 400 266
0 206 247 235 272
2 0 309 6 340
0 17 453 317 479
0 824 195 839 205
0 687 254 760 322
0 741 236 785 277
0 431 244 537 293
0 242 248 340 291
2 266 270 358 314
0 770 220 805 249
0 675 208 728 227
0 795 209 825 232
0 822 204 841 220
0 830 234 853 263
0 840 200 853 213
0 804 196 824 207
0 739 202 766 217
2 220 285 239 342
2 207 291 219 342
2 193 286 206 337
2 54 299 73 334
2 559 226 571 246
2 605 216 617 240
2 620 215 628 239
