2 462 232 472 260
2 451 236 461 263
2 438 234 448 264
0 408 238 418 266
2 386 238 395 267
2 373 240 381 267
2 38 302 47 334
0 583 287 716 393
0 720 252 782 314
0 512 249 603 310
0 310 246 346 271
0 242 248 340 291
2 219 266 303 305
0 205 238 263 264
0 753 227 794 264
0 675 208 728 227
0 777 214 810 243
0 812 207 835 226
0 830 234 853 263
0 837 202 850 215
0 804 196 828 207
0 739 202 766 217
2 220 285 239 342
2 207 291 219 342
2 193 286 206 337
2 48 300 65 336
2 558 226 570 247
2 596 218 608 241
2 611 217 620 241
