2 462 232 472 261
2 451 236 461 263
2 438 234 448 264
0 407 238 417 267
2 382 237 391 267
2 369 240 377 267
0 553 295 703 409
0 715 256 781 323
0 523 252 609 313
0 311 245 366 279
0 242 248 340 291
2 216 265 301 305
0 205 238 263 264
0 750 229 792 268
0 675 208 728 227
0 774 216 808 244
0 810 207 834 227
0 830 234 853 263
0 836 202 850 215
0 804 196 829 207
0 739 202 766 217
2 220 285 239 342
2 207 291 219 342
2 193 286 206 337
2 48 300 65 336
2 558 226 570 247
2 594 218 606 242
2 609 217 618 241
