2 462 232 472 252
2 451 236 461 255
2 438 234 448 259
0 411 238 421 266
2 408 237 417 266
2 389 240 397 266
0 206 247 247 274
2 2 307 15 340
0 826 195 840 205
0 677 258 756 331
0 738 237 785 283
0 446 244 550 296
0 242 248 340 291
2 256 268 345 311
0 767 220 803 250
0 675 208 728 227
0 792 210 822 234
0 820 205 840 221
0 830 234 853 263
0 839 200 852 213
0 804 196 825 207
0 739 202 766 217
2 220 285 239 342
2 207 291 219 342
2 193 286 206 337
2 54 299 73 334
2 559 226 571 246
2 603 216 615 240
2 618 215 627 239
