2 462 232 472 261
2 451 236 461 263
2 438 234 448 264
0 407 238 417 267
2 383 237 392 267
2 370 240 378 267
0 558 294 705 407
0 716 256 781 321
0 522 251 608 313
0 310 245 364 279
0 242 248 340 291
2 217 265 301 305
0 205 238 263 264
0 750 228 792 267
0 675 208 728 227
0 775 216 808 244
0 811 207 834 227
0 830 234 853 263
0 836 202 850 215
0 804 196 829 207
0 739 202 766 217
2 220 285 239 342
2 207 291 219 342
2 193 286 206 337
2 48 300 65 336
2 558 226 570 247
2 594 218 606 242
2 610 217 618 241
