2 462 232 472 247
2 451 236 461 244
2 438 234 448 245
2 414 237 423 255
2 396 241 404 268
0 206 247 221 272
0 69 431 384 480
0 823 195 838 205
0 697 249 763 314
0 744 233 788 272
0 413 243 520 291
0 242 248 340 291
2 278 269 370 318
0 773 218 808 246
0 675 208 728 227
0 797 208 826 230
0 823 204 842 219
0 830 234 853 263
0 842 200 853 212
0 804 196 822 207
0 739 202 766 217
2 220 285 239 342
2 207 291 219 342
2 193 286 206 337
2 54 299 73 334
2 559 226 571 246
2 606 216 617 240
2 621 215 629 239
