2 462 232 472 259
2 451 236 461 261
2 438 234 448 263
0 411 238 421 266
2 402 236 411 266
2 386 240 394 266
0 206 247 247 275
2 6 303 24 339
0 666 262 753 339
0 736 239 784 287
0 459 245 561 299
0 242 248 340 291
2 247 267 334 309
0 205 238 221 251
0 765 220 801 252
0 675 208 728 227
0 789 211 820 236
0 819 205 839 222
0 830 234 853 263
0 839 200 851 213
0 804 196 826 207
0 739 202 766 217
2 220 285 239 342
2 207 291 219 342
2 193 286 206 337
2 52 300 71 336
2 559 226 571 246
2 602 216 613 240
2 616 215 625 239
