2 462 232 472 258
2 451 236 461 260
2 438 234 448 263
0 411 238 421 266
2 403 236 412 266
2 387 240 395 266
0 206 247 248 274
2 4 304 22 340
0 827 195 840 205
0 669 261 754 337
0 737 238 784 286
0 456 244 558 298
0 242 248 340 291
2 250 267 337 309
0 765 220 802 251
0 675 208 728 227
0 790 211 821 235
0 819 205 839 221
0 830 234 853 263
0 839 200 852 213
0 804 196 826 207
0 739 202 766 217
2 220 285 239 342
2 207 291 219 342
2 193 286 206 337
2 53 300 71 336
2 559 226 571 246
2 602 216 614 240
2 617 215 625 239
