2 462 232 472 256
2 451 236 461 258
2 438 234 448 262
0 411 238 421 266
2 405 237 414 266
2 387 240 396 266
0 206 247 250 274
2 3 305 20 340
0 826 195 840 205
0 672 260 755 335
0 737 238 784 285
0 453 244 555 298
0 242 248 340 291
2 252 268 340 310
0 766 220 802 251
0 675 208 728 227
0 791 211 821 235
0 819 205 839 221
0 830 234 853 263
0 839 200 852 213
0 804 196 826 207
0 739 202 766 217
2 220 285 239 342
2 207 291 219 342
2 193 286 206 337
2 53 300 72 335
2 559 226 571 246
2 603 216 614 240
2 617 215 626 239
