2 462 232 472 262
2 451 236 461 263
2 438 234 448 264
0 414 329 634 472
0 690 272 779 353
0 543 258 619 328
0 342 246 430 284
0 242 249 341 291
2 212 264 295 304
0 205 238 263 264
0 744 235 789 276
0 675 208 728 227
0 767 219 802 249
0 805 208 831 230
0 830 234 853 263
0 834 202 849 217
0 804 196 830 207
0 739 202 766 217
2 220 285 239 342
2 207 291 219 342
2 193 286 206 337
2 65 295 81 331
2 49 300 68 336
2 360 240 369 252
2 372 238 382 250
2 557 227 569 247
2 590 219 602 242
2 604 218 612 242
