2 462 232 472 245
2 451 236 461 246
2 438 234 448 248
2 412 237 421 261
2 394 241 402 267
0 206 247 226 272
0 43 442 350 479
0 824 195 839 205
0 692 251 761 318
0 743 234 787 275
0 422 243 529 292
0 242 248 340 291
2 272 270 364 316
0 772 219 806 248
0 675 208 728 227
0 796 209 826 231
0 823 204 842 220
0 830 234 853 263
0 841 200 853 212
0 804 196 823 207
0 739 202 766 217
2 220 285 239 342
2 207 291 219 342
2 193 286 206 337
2 54 299 73 334
2 559 226 571 246
2 606 216 617 240
2 620 215 629 239
