0 4 365 205 473
1 18 37 492 483
0 188 378 495 480
0 642 299 764 405
0 548 265 631 343
0 408 246 504 286
0 244 249 342 292
2 209 264 286 304
0 205 238 263 264
0 738 241 787 288
0 675 208 728 227
0 759 223 796 256
0 798 208 826 231
0 830 234 853 263
0 832 202 848 217
0 804 196 831 207
0 739 202 766 217
2 220 285 242 342
2 207 291 219 342
2 193 286 206 337
2 78 295 97 330
2 55 298 74 334
2 351 240 361 267
2 365 239 375 266
2 559 227 572 248
2 587 220 598 243
2 598 219 607 243
2 405 241 415 267
2 5 309 20 336
