2 462 232 472 259
2 451 236 461 263
2 438 234 448 264
0 411 238 421 266
2 400 236 409 265
2 384 239 392 266
0 207 247 247 275
2 10 303 28 339
0 658 265 749 345
0 734 240 784 290
0 468 245 569 300
0 242 248 340 291
2 242 267 329 309
0 205 238 233 258
0 763 221 800 254
0 675 208 728 227
0 787 211 818 236
0 818 205 839 223
0 830 234 853 263
0 838 200 851 213
0 804 196 827 207
0 739 202 766 217
2 220 285 239 342
2 207 291 219 342
2 193 286 206 337
2 52 300 69 336
2 559 226 571 246
2 602 217 613 240
2 616 216 624 239
