2 462 232 472 253
2 451 236 461 256
2 438 234 448 260
0 411 238 421 266
2 407 237 416 266
2 388 240 397 266
0 206 247 248 274
2 2 307 16 340
0 826 195 840 205
0 675 258 756 332
0 738 237 785 283
0 448 244 551 297
0 242 248 340 291
2 255 268 344 311
0 767 220 803 250
0 675 208 728 227
0 792 210 822 234
0 820 205 840 221
0 830 234 853 263
0 839 200 852 213
0 804 196 825 207
0 739 202 766 217
2 220 285 239 342
2 207 291 219 342
2 193 286 206 337
2 54 299 73 334
2 559 226 571 246
2 603 216 615 240
2 618 215 626 239
