2 462 232 472 260
2 451 236 461 263
2 438 234 448 264
0 410 238 420 266
2 391 238 399 267
2 376 240 384 267
2 28 304 43 335
0 617 277 732 373
0 726 248 783 303
0 497 247 593 306
0 242 248 340 291
2 224 266 309 307
0 205 238 263 264
0 757 225 797 260
0 675 208 728 227
0 781 212 812 240
0 814 206 836 225
0 830 234 853 263
0 838 201 851 214
0 804 196 828 207
0 739 202 766 217
2 220 285 239 342
2 207 291 219 342
2 193 286 206 337
2 49 300 64 336
2 558 226 570 247
2 599 217 610 241
2 612 216 621 240
