2 462 232 472 259
2 451 236 461 263
2 438 234 448 264
0 411 238 421 266
2 396 236 405 266
2 380 240 388 266
0 223 247 247 275
2 18 303 34 337
0 641 270 743 357
0 731 244 784 296
0 481 246 581 303
0 242 248 340 291
2 233 266 320 308
0 205 238 250 264
0 759 223 798 256
0 675 208 728 227
0 785 211 816 237
0 816 206 838 224
0 830 234 853 263
0 838 201 851 213
0 804 196 827 207
0 739 202 766 217
2 220 285 239 342
2 207 291 219 342
2 193 286 206 337
2 51 300 66 336
2 559 226 570 247
2 601 217 612 240
2 614 216 623 240
