2 462 232 472 262
2 451 236 461 263
0 1 418 27 479
0 374 336 610 479
0 682 277 777 361
0 546 260 620 329
0 354 246 446 284
0 243 249 341 291
2 211 264 293 304
0 205 238 263 264
0 743 237 788 278
0 675 208 728 227
0 764 219 801 251
0 804 208 830 230
0 830 234 853 263
0 834 202 848 217
0 804 196 830 207
0 739 202 766 217
2 220 285 239 342
2 207 291 219 342
2 193 286 206 337
2 68 295 83 330
2 51 299 69 334
2 357 240 367 259
2 370 238 380 255
2 557 227 569 247
2 590 219 601 242
2 602 218 611 242
2 0 308 4 335
