2 462 232 472 259
2 451 236 461 263
2 438 234 448 264
0 411 238 421 266
2 400 236 408 265
2 383 239 391 266
0 208 247 247 275
2 12 302 30 338
0 654 266 747 348
0 733 241 784 291
0 471 245 573 301
0 242 248 340 291
2 240 267 327 309
0 205 238 238 261
0 762 221 799 255
0 675 208 728 227
0 787 211 817 236
0 817 205 839 223
0 830 234 853 263
0 838 200 851 213
0 804 196 827 207
0 739 202 766 217
2 220 285 239 342
2 207 291 219 342
2 193 286 206 337
2 52 300 68 336
2 559 226 570 246
2 601 217 613 240
2 615 216 624 239
