2 462 232 472 260
2 451 236 461 263
2 438 234 448 264
0 408 238 418 266
2 386 238 395 267
2 373 240 381 267
2 37 303 47 334
0 586 286 717 391
0 721 252 782 312
0 511 249 602 310
0 310 246 343 270
0 242 248 340 291
2 219 266 303 305
0 205 238 263 264
0 753 227 794 264
0 675 208 728 227
0 778 214 810 242
0 812 207 835 226
0 830 234 853 263
0 837 202 850 215
0 804 196 828 207
0 739 202 766 217
2 220 285 239 342
2 207 291 219 342
2 193 286 206 337
2 48 300 64 336
2 558 226 570 247
2 597 218 608 241
2 611 217 620 240
