2 462 232 472 259
2 451 236 461 263
2 438 234 448 264
0 411 238 421 266
2 399 236 408 265
2 382 239 390 266
0 214 247 247 275
2 13 302 31 338
0 651 268 746 351
0 732 242 784 292
0 474 246 576 301
0 242 248 340 291
2 238 266 324 308
0 205 238 242 264
0 761 222 799 255
0 675 208 728 227
0 786 211 817 236
0 817 206 839 224
0 830 234 853 263
0 838 200 851 213
0 804 196 827 207
0 739 202 766 217
2 220 285 239 342
2 207 291 219 342
2 193 286 206 337
2 52 300 67 336
2 559 226 570 246
2 601 217 613 240
2 615 216 624 240
