2 462 232 472 246
2 451 236 461 252
2 438 234 448 256
2 410 237 418 266
2 390 240 399 266
0 206 247 240 273
2 0 309 10 340
0 11 455 261 479
0 825 195 839 205
0 683 256 759 326
0 740 236 785 279
0 438 244 543 294
0 242 248 340 291
2 261 269 353 313
0 769 220 804 249
0 675 208 728 227
0 794 210 824 233
0 821 204 841 220
0 830 234 853 263
0 840 200 853 213
0 804 196 824 207
0 739 202 766 217
2 220 285 239 342
2 207 291 219 342
2 193 286 206 337
2 54 299 73 334
2 559 226 571 246
2 604 216 616 240
2 619 215 628 239
