2 462 232 472 259
2 451 236 461 262
2 438 234 448 264
0 411 238 421 266
2 402 236 411 266
2 385 240 394 266
0 207 247 247 275
2 6 303 25 339
0 665 263 752 340
0 735 239 784 288
0 461 245 563 299
0 242 248 340 291
2 246 267 333 309
0 205 238 224 252
0 764 220 801 252
0 675 208 728 227
0 789 211 820 236
0 818 205 839 222
0 830 234 853 263
0 839 200 851 213
0 804 196 826 207
0 739 202 766 217
2 220 285 239 342
2 207 291 219 342
2 193 286 206 337
2 52 300 70 336
2 559 226 571 246
2 602 217 613 240
2 616 215 625 239
