2 462 232 472 246
2 451 236 461 244
2 438 234 448 245
2 413 237 422 258
2 395 241 403 268
0 206 247 223 272
0 59 435 371 480
0 823 195 838 205
0 695 250 762 316
0 744 233 788 273
0 417 243 523 291
0 242 248 340 291
2 276 270 368 317
0 773 218 807 247
0 675 208 728 227
0 797 209 826 230
0 823 204 842 220
0 830 234 853 263
0 842 200 853 212
0 804 196 822 207
0 739 202 766 217
2 220 285 239 342
2 207 291 219 342
2 193 286 206 337
2 54 299 73 334
2 559 226 571 246
2 606 216 617 240
2 620 215 629 239
