2 462 232 472 260
2 451 236 461 263
2 438 234 448 264
0 408 238 418 267
2 386 238 394 267
2 372 240 380 267
0 579 288 714 395
0 719 253 782 315
0 514 249 604 310
0 310 246 348 272
0 242 248 340 291
2 218 266 303 305
0 205 238 263 264
0 753 227 794 265
0 675 208 728 227
0 777 214 809 243
0 812 207 834 226
0 830 234 853 263
0 837 202 850 215
0 804 196 828 207
0 739 202 766 217
2 220 285 239 342
2 207 291 219 342
2 193 286 206 337
2 48 300 65 336
2 558 226 570 247
2 596 218 607 241
2 611 217 619 241
