2 462 232 472 246
2 451 236 461 243
2 438 234 448 244
2 413 237 422 257
2 395 241 403 268
0 206 247 222 272
0 64 433 378 480
0 823 195 838 205
0 696 250 762 315
0 744 233 788 273
0 415 243 522 291
0 242 248 340 291
2 277 269 369 317
0 773 218 808 247
0 675 208 728 227
0 797 208 826 230
0 823 204 842 220
0 830 234 853 263
0 842 200 853 212
0 804 196 822 207
0 739 202 766 217
2 220 285 239 342
2 207 291 219 342
2 193 286 206 337
2 54 299 73 334
2 559 226 571 246
2 606 216 617 240
2 621 215 629 239
