2 462 232 472 261
2 451 236 461 263
2 438 234 448 264
0 407 238 418 267
2 384 237 393 267
2 371 240 379 267
0 569 291 710 401
0 718 254 782 318
0 518 250 606 312
0 310 246 356 275
0 242 248 340 291
2 218 265 302 305
0 205 238 263 264
0 752 228 793 266
0 675 208 728 227
0 776 215 809 243
0 811 207 834 226
0 830 234 853 263
0 837 202 850 215
0 804 196 829 207
0 739 202 766 217
2 220 285 239 342
2 207 291 219 342
2 193 286 206 337
2 48 300 65 336
2 558 226 570 247
2 595 218 607 242
2 610 217 619 241
