2 462 232 472 260
2 451 236 461 263
2 438 234 448 264
0 409 238 419 266
2 388 238 396 267
2 375 240 383 267
2 33 303 46 334
0 600 282 724 383
0 723 250 782 308
0 505 247 599 308
0 310 247 333 265
0 242 248 340 291
2 220 266 304 306
0 205 238 263 264
0 755 226 795 262
0 675 208 728 227
0 779 213 811 242
0 813 207 835 225
0 830 234 853 263
0 838 201 851 214
0 804 196 828 207
0 739 202 766 217
2 220 285 239 342
2 207 291 219 342
2 193 286 206 337
2 48 300 64 336
2 558 226 570 247
2 598 218 609 241
2 612 216 620 240
